origin = [551.49, 532.58, -95.05]
xaxis = [-0.99873, -0.04802, -0.01530]
yaxis = [0.04793, -0.99883, 0.00649]